25
499 147 528 192 car
499 199 528 240 car
441 288 485 309 car
432 257 480 288 car
291 220 336 241 car
314 192 337 215 car
288 687 337 783 car
293 528 384 549 car
311 489 384 528 car
405 384 451 432 car
205 480 288 528 car
144 576 240 624 car
69 576 144 595 car
733 816 827 864 car
1104 816 1176 864 car
1488 672 1584 721 car
650 624 720 720 car
627 397 672 480 car
624 337 641 384 car
624 295 637 336 car
576 220 595 257 car
595 240 624 268 car
556 145 583 192 car
556 113 576 147 car
384 912 439 1017 car
