29
255 720 312 825 car
672 791 775 854 car
1015 819 1121 896 car
1447 660 1543 725 car
614 608 693 704 car
600 422 637 483 car
581 351 631 405 car
576 307 614 351 car
564 247 595 288 car
529 220 562 264 car
528 147 551 193 car
520 126 549 157 car
514 88 543 120 car
466 78 493 101 car
480 97 495 115 car
470 115 499 144 car
470 155 499 174 car
468 176 504 211 car
464 240 501 272 car
393 299 458 337 car
401 274 451 303 car
288 215 309 240 car
259 240 305 268 car
384 395 424 449 car
168 504 240 551 car
257 537 343 576 car
278 508 364 551 car
109 591 195 648 car
36 591 103 637 car
