29
255 712 314 833 car
259 541 345 583 car
282 504 360 539 car
635 606 687 712 car
673 794 775 864 car
1023 823 1115 885 car
1461 672 1555 727 car
600 414 643 480 car
589 345 631 407 car
581 301 616 357 car
576 243 610 278 car
537 220 568 261 car
531 153 564 192 car
528 126 554 155 car
522 96 545 122 car
480 74 504 103 car
480 99 497 117 car
480 119 503 147 car
480 155 501 178 car
480 176 512 215 car
472 226 506 266 car
403 299 453 337 car
410 280 460 301 car
289 211 320 240 car
270 232 303 266 car
385 403 433 441 car
176 497 245 558 car
107 600 201 645 car
34 587 105 635 car
