31
641 624 727 733 car
816 816 927 865 car
1491 672 1584 723 car
399 768 451 850 car
288 687 349 775 car
144 554 240 608 car
74 554 144 606 car
1153 781 1249 837 car
631 407 683 460 car
410 384 455 416 car
301 510 368 545 car
314 487 395 528 car
211 480 288 528 car
443 288 493 318 car
439 249 480 288 car
301 215 336 243 car
336 197 351 216 car
508 192 543 220 car
510 144 535 178 car
510 126 539 144 car
528 101 535 117 car
512 69 539 96 car
510 51 535 71 car
560 96 583 113 car
576 126 585 153 car
576 153 595 192 car
576 226 602 288 car
604 240 629 274 car
624 291 645 322 car
624 336 656 384 car
48 1008 122 1065 car
