29
816 816 929 864 car
1157 783 1253 846 car
1488 672 1584 720 car
672 625 721 741 car
389 768 449 846 car
288 689 347 777 car
69 554 144 602 car
144 552 240 608 car
303 506 384 543 car
336 487 391 512 car
215 480 288 528 car
412 368 460 414 car
635 407 675 480 car
624 336 652 384 car
624 288 648 336 car
604 240 624 261 car
576 240 597 288 car
576 153 593 192 car
560 120 583 147 car
554 96 577 119 car
512 144 539 170 car
508 192 535 213 car
528 122 531 144 car
506 96 539 111 car
297 205 336 245 car
336 192 341 209 car
437 288 487 309 car
435 249 480 288 car
49 1008 147 1065 car
