29
270 720 336 802 car
685 798 791 852 car
1036 816 1152 875 car
1468 672 1570 723 car
645 606 702 704 car
132 589 209 627 car
59 577 144 624 car
291 529 372 576 car
301 503 384 543 car
193 493 270 537 car
399 384 451 432 car
624 414 672 480 car
606 341 635 395 car
600 297 635 347 car
583 243 624 288 car
556 215 589 253 car
545 157 576 192 car
543 117 576 149 car
535 78 564 113 car
414 288 481 336 car
432 264 466 299 car
293 240 324 259 car
309 197 336 228 car
487 216 528 259 car
491 172 528 205 car
497 155 528 174 car
489 109 528 144 car
501 96 528 113 car
495 59 528 84 car
