25
420 391 462 432 car
441 288 489 314 car
449 264 483 288 car
506 215 529 232 car
516 153 539 192 car
566 161 585 195 car
576 240 604 276 car
610 243 629 288 car
624 297 647 341 car
624 343 656 399 car
311 224 337 261 car
328 197 345 224 car
399 875 453 975 car
280 708 353 800 car
1488 675 1584 720 car
1125 804 1221 869 car
762 816 867 873 car
672 627 725 725 car
309 528 387 564 car
318 499 397 529 car
215 489 291 531 car
635 412 681 480 car
562 130 591 151 car
78 570 144 624 car
147 562 240 624 car
