26
1488 672 1584 720 car
1105 791 1203 864 car
735 816 864 864 car
652 624 700 720 car
384 890 435 1008 car
288 691 343 783 car
144 576 222 624 car
69 576 144 602 car
305 506 366 551 car
312 487 384 528 car
205 480 288 528 car
407 384 453 432 car
624 336 641 384 car
633 407 672 460 car
624 289 633 336 car
432 288 485 312 car
433 253 480 288 car
293 215 336 245 car
336 192 343 215 car
495 199 528 240 car
576 220 597 266 car
597 240 625 266 car
554 153 583 192 car
551 117 579 145 car
506 155 529 192 car
501 144 528 147 car
