29
1447 672 1541 721 car
1027 816 1136 879 car
681 789 775 873 car
629 612 695 710 car
249 708 318 816 car
276 537 349 576 car
291 508 360 539 car
113 591 205 650 car
38 576 115 631 car
170 501 251 549 car
384 387 437 445 car
403 289 460 336 car
407 268 453 301 car
266 226 299 264 car
291 211 314 240 car
480 228 501 263 car
480 172 506 209 car
480 153 499 178 car
480 111 501 144 car
480 97 503 117 car
480 69 495 96 car
528 84 541 109 car
529 119 551 147 car
533 151 564 192 car
541 209 576 253 car
576 240 604 288 car
579 303 625 351 car
591 353 635 397 car
600 399 643 480 car
