26
528 783 624 864 car
864 816 971 881 car
1344 624 1440 679 car
1536 599 1632 672 car
528 599 576 720 car
96 768 192 873 car
97 576 197 624 car
119 529 199 576 car
240 432 288 480 car
480 432 501 480 car
441 353 480 399 car
435 336 480 353 car
432 247 443 288 car
384 213 395 251 car
384 144 399 192 car
384 119 391 147 car
349 96 384 109 car
309 192 339 240 car
336 243 347 288 car
309 159 336 192 car
307 144 341 149 car
96 253 111 288 car
105 215 144 247 car
241 305 297 347 car
241 288 288 336 car
0 529 67 587 car
