29
501 67 516 96 car
504 96 528 113 car
499 113 533 144 car
506 155 520 172 car
503 178 528 209 car
491 230 520 257 car
408 397 443 435 car
435 293 485 328 car
432 272 464 291 car
288 240 328 261 car
312 199 341 226 car
195 493 266 541 car
288 537 359 576 car
316 506 387 533 car
270 712 341 808 car
71 589 144 625 car
136 579 207 639 car
650 612 700 702 car
624 416 672 464 car
608 349 647 395 car
600 301 633 339 car
599 253 624 288 car
566 216 589 251 car
551 149 581 192 car
547 122 583 149 car
541 86 568 120 car
702 789 816 869 car
1056 819 1152 887 car
1476 673 1568 733 car
