25
1104 794 1201 864 car
1488 672 1584 725 car
384 894 439 1008 car
748 816 864 864 car
672 624 720 720 car
272 696 343 789 car
126 576 240 624 car
65 576 144 604 car
207 480 288 528 car
303 528 368 552 car
320 481 389 528 car
410 384 458 432 car
635 408 672 464 car
624 336 654 384 car
624 293 647 336 car
576 216 597 266 car
600 241 625 270 car
558 155 579 192 car
576 122 585 149 car
508 151 533 192 car
499 199 528 240 car
441 288 489 336 car
432 259 480 288 car
299 220 336 247 car
336 201 345 218 car
