31
384 1017 456 1075 car
34 1029 147 1077 car
288 708 351 802 car
144 587 230 629 car
82 576 144 631 car
656 606 720 720 car
708 794 825 864 car
1059 821 1157 887 car
1474 672 1574 737 car
631 420 683 480 car
624 347 654 395 car
610 297 647 357 car
606 240 627 282 car
568 222 599 261 car
560 153 589 186 car
558 120 585 159 car
556 90 579 122 car
416 391 458 441 car
309 537 385 568 car
326 497 393 537 car
203 495 282 545 car
435 297 487 328 car
441 272 481 299 car
299 240 336 264 car
328 209 353 240 car
506 230 535 257 car
516 170 535 205 car
506 153 535 168 car
508 115 533 149 car
510 103 529 122 car
516 78 529 96 car
