25
391 933 451 1050 car
288 704 360 798 car
149 581 240 624 car
78 577 153 616 car
311 528 391 560 car
328 499 399 528 car
218 489 289 533 car
418 391 462 433 car
453 282 506 318 car
449 268 487 288 car
309 232 341 251 car
336 199 349 228 car
514 161 547 201 car
514 215 535 245 car
577 232 610 270 car
576 155 591 193 car
568 130 589 147 car
614 240 633 280 car
624 301 652 347 car
629 341 666 393 car
639 418 681 480 car
662 610 725 720 car
739 804 842 864 car
1098 817 1200 879 car
1489 681 1593 735 car
