34
768 816 864 864 car
1493 672 1584 720 car
1105 794 1200 864 car
384 875 447 979 car
288 693 336 792 car
67 556 144 602 car
144 576 240 624 car
672 624 720 720 car
303 528 384 547 car
309 489 384 528 car
201 480 291 528 car
405 384 455 432 car
299 216 336 253 car
318 193 341 216 car
441 240 481 253 car
439 218 480 240 car
453 199 493 216 car
451 163 489 195 car
499 201 528 222 car
503 147 528 192 car
504 144 528 149 car
501 99 528 119 car
506 96 528 96 car
508 59 529 78 car
439 255 480 288 car
439 288 485 309 car
552 96 576 109 car
556 122 576 144 car
576 144 585 192 car
576 222 597 264 car
599 240 624 270 car
606 288 635 336 car
624 336 648 384 car
639 403 672 460 car
