29
261 720 320 816 car
683 787 781 864 car
1036 802 1134 887 car
1451 654 1566 723 car
639 606 696 706 car
610 414 660 480 car
593 343 639 397 car
591 297 624 339 car
583 245 608 278 car
545 218 577 259 car
531 153 576 192 car
535 122 562 149 car
531 96 560 117 car
487 67 510 96 car
491 96 510 117 car
489 113 514 144 car
485 149 506 167 car
485 174 528 213 car
483 220 514 255 car
395 397 435 443 car
407 289 464 324 car
288 230 312 259 car
420 272 458 297 car
293 205 324 228 car
288 539 357 576 car
297 508 368 541 car
192 495 263 545 car
124 589 203 631 car
48 577 128 625 car
