25
1488 672 1584 720 car
1152 768 1248 831 car
783 816 912 864 car
384 781 435 864 car
288 685 339 781 car
48 1008 111 1056 car
637 624 720 729 car
291 487 384 533 car
336 480 387 503 car
201 453 288 499 car
144 545 240 593 car
63 528 144 587 car
407 384 441 401 car
624 391 672 480 car
624 336 647 384 car
624 288 639 336 car
432 259 480 305 car
576 240 599 288 car
595 240 624 261 car
576 144 585 192 car
528 192 528 205 car
499 144 529 163 car
576 111 576 144 car
547 96 576 103 car
293 203 336 240 car
