28
268 720 341 796 car
702 798 816 844 car
1056 816 1152 865 car
1466 672 1584 729 car
672 597 720 702 car
625 403 672 480 car
624 336 652 385 car
604 295 645 336 car
591 240 631 266 car
576 213 595 251 car
554 145 583 192 car
556 111 583 144 car
551 78 576 107 car
493 213 528 243 car
503 165 529 197 car
501 144 528 159 car
499 97 528 144 car
293 240 336 253 car
311 199 345 218 car
433 288 481 336 car
432 255 480 288 car
295 528 384 576 car
311 493 384 528 car
405 384 458 432 car
199 480 288 528 car
144 576 240 624 car
69 576 144 624 car
374 998 480 1073 car
