25
825 827 946 869 car
1165 791 1267 842 car
1488 662 1591 729 car
654 643 735 752 car
407 771 458 856 car
280 698 353 787 car
311 520 389 549 car
647 414 687 480 car
149 576 240 612 car
80 560 151 595 car
322 493 397 528 car
220 480 289 528 car
418 384 464 426 car
625 341 660 387 car
624 297 654 337 car
581 251 612 289 car
612 245 643 282 car
576 168 599 197 car
576 130 597 159 car
516 153 543 178 car
528 192 552 222 car
447 288 501 322 car
449 261 501 288 car
311 220 341 255 car
330 197 362 224 car
