26
773 816 892 892 car
384 835 468 948 car
282 696 364 796 car
59 1015 144 1067 car
153 566 243 624 car
82 552 153 612 car
312 510 385 562 car
326 493 399 528 car
220 480 297 528 car
418 385 468 433 car
658 624 725 735 car
1130 796 1230 871 car
1497 673 1597 729 car
645 410 687 470 car
631 343 660 391 car
625 301 654 345 car
577 240 610 272 car
614 240 648 270 car
445 278 495 326 car
453 257 487 280 car
309 218 343 253 car
512 203 543 240 car
514 151 543 192 car
570 165 597 192 car
568 122 593 161 car
528 99 541 130 car
