29
635 783 744 865 car
969 823 1075 892 car
1428 660 1516 720 car
606 608 658 710 car
209 729 291 840 car
230 545 314 587 car
241 528 322 552 car
59 608 153 658 car
0 587 59 656 car
130 506 215 576 car
341 405 389 456 car
355 297 432 339 car
370 276 408 312 car
437 240 468 270 car
439 182 460 222 car
435 159 462 182 car
432 120 458 145 car
439 103 458 113 car
432 78 451 105 car
224 241 247 276 car
249 207 263 243 car
485 96 501 113 car
487 120 508 151 car
491 157 514 192 car
499 222 528 253 car
537 247 558 278 car
545 305 577 347 car
560 359 593 395 car
576 420 610 470 car
