27
528 600 589 721 car
1344 625 1440 698 car
1536 597 1660 673 car
864 819 979 894 car
543 777 650 864 car
480 432 528 491 car
447 311 483 368 car
462 362 504 410 car
432 251 460 291 car
391 226 432 261 car
384 155 408 193 car
384 124 397 157 car
384 96 393 115 car
336 192 359 240 car
320 163 349 192 car
336 144 347 163 car
336 99 347 117 car
96 261 144 297 car
117 240 147 261 car
240 432 288 480 car
257 311 337 357 car
263 288 299 322 car
144 549 218 581 car
113 576 203 624 car
9 543 99 597 car
111 768 193 887 car
336 257 364 291 car
