25
768 816 912 864 car
1117 768 1248 864 car
1453 672 1584 720 car
384 789 437 912 car
637 624 720 720 car
288 673 339 777 car
48 1008 111 1056 car
144 545 240 591 car
53 537 144 587 car
192 453 288 528 car
309 480 389 501 car
293 483 384 535 car
624 391 673 480 car
397 384 443 432 car
288 199 336 240 car
432 249 483 299 car
624 336 672 384 car
624 288 635 336 car
576 213 595 255 car
591 240 624 288 car
497 192 528 213 car
576 144 583 192 car
491 144 528 163 car
547 113 577 144 car
528 96 528 105 car
