26
1489 666 1599 743 car
1128 794 1248 865 car
779 816 912 890 car
656 629 739 743 car
385 833 464 938 car
288 687 360 800 car
157 566 245 624 car
76 556 151 616 car
226 480 301 522 car
314 489 403 528 car
305 512 385 568 car
424 387 472 432 car
645 416 685 470 car
453 276 503 316 car
456 261 489 288 car
307 220 343 261 car
581 234 614 289 car
624 243 645 270 car
624 303 660 345 car
624 349 672 405 car
506 209 543 240 car
520 149 545 182 car
576 165 606 203 car
576 130 595 159 car
518 99 539 138 car
61 1025 134 1065 car
