29
549 783 645 864 car
885 829 979 887 car
1344 624 1445 689 car
1562 624 1662 677 car
531 624 583 720 car
144 576 226 602 car
163 543 240 579 car
0 631 67 677 car
30 545 111 599 car
251 432 305 480 car
487 433 528 489 car
480 362 528 418 car
464 312 497 366 car
443 247 480 299 car
407 220 433 266 car
393 165 432 199 car
391 120 432 163 car
384 96 401 126 car
339 144 366 161 car
339 107 362 144 car
336 96 359 109 car
336 170 364 192 car
341 193 366 240 car
341 251 368 291 car
288 312 336 349 car
288 289 314 322 car
113 253 144 288 car
144 240 165 247 car
130 771 213 873 car
