29
675 781 775 864 car
1021 816 1115 877 car
1449 660 1568 721 car
641 597 693 706 car
612 407 652 480 car
600 341 635 395 car
577 240 624 288 car
531 153 562 192 car
528 119 554 147 car
591 297 624 343 car
539 209 576 253 car
528 96 547 109 car
480 65 508 96 car
481 96 501 113 car
481 113 508 145 car
483 145 499 172 car
480 172 514 207 car
480 215 501 257 car
408 291 466 336 car
412 270 451 299 car
270 240 303 263 car
291 203 316 240 car
272 528 349 576 car
288 506 362 535 car
385 395 432 443 car
180 497 255 551 car
249 720 336 819 car
109 585 203 641 car
48 576 109 627 car
