30
384 961 443 1065 car
720 816 817 864 car
1071 798 1167 864 car
1488 672 1584 731 car
650 604 720 720 car
297 528 384 554 car
336 491 389 528 car
211 480 288 528 car
144 576 220 624 car
67 576 144 597 car
395 384 453 432 car
633 401 672 455 car
624 336 648 384 car
624 293 641 336 car
597 240 625 264 car
576 207 597 249 car
558 144 583 192 car
554 117 587 144 car
552 78 576 107 car
437 288 495 314 car
435 257 480 288 car
297 218 336 247 car
336 192 341 216 car
499 201 529 241 car
510 159 539 193 car
508 144 529 161 car
503 101 529 120 car
528 76 529 96 car
506 57 531 76 car
289 702 360 798 car
