29
226 729 301 831 car
647 789 754 864 car
992 816 1104 887 car
1440 656 1536 729 car
612 604 672 706 car
577 412 633 466 car
560 349 604 397 car
558 311 599 349 car
551 240 583 289 car
508 213 547 257 car
508 157 528 192 car
501 117 528 153 car
493 86 528 109 car
357 405 418 447 car
384 297 439 336 car
384 270 432 301 car
240 243 278 288 car
263 209 293 241 car
447 240 480 276 car
447 192 483 215 car
456 155 480 174 car
460 122 480 151 car
453 99 480 119 car
455 71 480 97 car
240 547 320 577 car
255 510 336 549 car
153 504 222 556 car
80 597 163 650 car
5 595 82 645 car
