25
289 704 353 794 car
389 871 456 969 car
760 819 879 867 car
1121 806 1223 864 car
1491 672 1587 735 car
673 624 720 735 car
74 560 147 618 car
151 562 234 624 car
305 528 384 562 car
316 497 397 528 car
218 491 299 535 car
410 387 466 435 car
435 288 497 318 car
305 222 341 255 car
443 268 485 291 car
510 211 537 241 car
510 165 543 192 car
581 230 602 278 car
612 240 635 282 car
624 303 652 349 car
627 347 658 391 car
643 405 675 480 car
566 161 591 192 car
576 132 591 161 car
326 201 357 230 car
