29
672 792 768 864 car
1008 806 1113 881 car
1443 660 1543 723 car
624 599 679 720 car
595 405 639 483 car
577 343 614 410 car
566 307 604 349 car
560 247 593 293 car
531 215 556 266 car
528 151 543 192 car
516 122 543 149 car
510 96 531 113 car
464 72 487 96 car
466 96 487 115 car
468 113 493 147 car
462 155 487 178 car
453 174 491 209 car
460 224 493 264 car
395 289 453 336 car
401 274 445 301 car
253 240 291 268 car
276 215 305 240 car
384 393 412 445 car
155 499 241 560 car
257 539 336 576 car
270 508 349 541 car
84 585 182 645 car
23 577 103 635 car
241 721 311 825 car
