27
1488 672 1584 720 car
1069 791 1159 864 car
721 792 827 864 car
647 597 720 698 car
288 689 343 785 car
384 960 435 1059 car
59 576 144 599 car
144 551 240 624 car
297 528 384 549 car
309 487 387 528 car
203 480 288 528 car
408 384 453 432 car
432 288 491 311 car
435 253 480 288 car
289 213 336 243 car
314 192 339 211 car
497 193 528 240 car
497 153 528 192 car
501 144 528 151 car
506 96 528 122 car
552 111 576 144 car
576 144 577 170 car
576 203 589 241 car
597 240 624 263 car
624 288 639 336 car
624 336 643 384 car
629 395 672 458 car
