30
435 288 493 336 car
445 259 481 288 car
295 220 336 245 car
336 199 343 220 car
510 159 529 192 car
504 144 529 155 car
499 213 528 249 car
512 107 531 144 car
576 115 579 144 car
556 96 577 109 car
510 78 535 99 car
576 149 587 176 car
576 211 600 257 car
597 240 627 288 car
608 288 645 337 car
720 816 817 864 car
384 975 439 1069 car
288 700 353 792 car
672 606 700 720 car
1073 816 1163 867 car
1488 675 1584 723 car
74 576 145 624 car
144 576 240 624 car
299 528 384 554 car
318 493 385 528 car
209 483 288 528 car
408 384 453 432 car
624 339 650 385 car
635 403 672 460 car
67 1031 144 1071 car
