26
504 115 528 144 car
503 144 528 159 car
499 192 528 199 car
437 245 480 288 car
435 261 480 303 car
289 203 336 240 car
336 192 343 203 car
288 672 347 768 car
291 501 384 533 car
309 480 384 504 car
405 384 455 407 car
203 480 288 528 car
63 545 144 587 car
384 744 445 835 car
672 624 720 733 car
816 816 933 864 car
1152 768 1248 831 car
635 395 672 480 car
624 336 639 384 car
624 288 645 336 car
576 240 597 288 car
599 240 624 257 car
576 119 576 144 car
576 155 593 192 car
144 549 240 602 car
1488 672 1584 720 car
