29
144 768 222 864 car
576 777 658 864 car
912 819 1009 879 car
1368 639 1464 695 car
1584 624 1680 672 car
539 624 608 720 car
501 432 545 480 car
495 360 531 401 car
480 318 528 349 car
466 253 495 291 car
432 220 456 264 car
432 159 445 192 car
418 115 435 151 car
397 96 432 113 car
353 74 384 96 car
360 103 384 122 car
362 126 393 153 car
364 165 384 192 car
366 192 387 224 car
366 249 385 288 car
291 314 343 347 car
288 288 345 311 car
161 222 195 251 car
130 240 192 288 car
53 528 145 581 car
151 576 240 608 car
167 535 257 576 car
0 624 96 683 car
268 408 336 464 car
