29
384 973 441 1069 car
720 792 816 864 car
1061 816 1163 869 car
1488 673 1584 725 car
656 595 720 700 car
288 700 351 794 car
144 576 240 624 car
76 576 151 608 car
297 528 384 552 car
336 495 385 528 car
209 480 288 529 car
408 385 462 433 car
435 288 493 320 car
437 261 480 288 car
501 218 533 245 car
508 161 531 193 car
506 144 528 155 car
506 99 528 122 car
307 240 336 253 car
336 192 355 220 car
624 291 641 336 car
624 336 672 385 car
629 401 672 458 car
576 209 597 253 car
599 240 625 288 car
558 147 587 192 car
558 120 583 144 car
551 72 576 109 car
65 1032 144 1071 car
