25
384 912 439 1009 car
288 698 339 791 car
144 576 240 624 car
65 576 144 599 car
297 528 384 551 car
307 489 384 528 car
209 480 288 528 car
407 384 458 432 car
733 816 840 864 car
1105 792 1200 864 car
1488 672 1584 721 car
672 624 702 720 car
627 405 672 480 car
624 336 648 384 car
604 291 637 336 car
576 218 591 259 car
600 240 624 266 car
556 145 577 174 car
556 113 577 144 car
504 144 531 192 car
503 203 528 240 car
301 218 336 247 car
314 192 341 209 car
435 288 487 309 car
432 257 480 288 car
