25
528 768 624 864 car
528 624 576 720 car
864 816 960 873 car
1344 624 1395 672 car
96 768 157 864 car
96 576 192 624 car
107 535 192 576 car
0 528 59 579 car
240 432 249 480 car
297 240 336 288 car
240 297 288 336 car
240 288 288 336 car
96 240 101 288 car
96 240 107 240 car
295 192 336 240 car
293 192 336 192 car
295 109 336 144 car
347 107 384 144 car
384 144 384 192 car
384 201 385 243 car
432 240 432 288 car
432 336 480 339 car
433 343 480 397 car
480 432 487 480 car
1536 624 1632 672 car
