29
720 787 816 840 car
1056 816 1161 869 car
1488 672 1585 721 car
654 597 720 704 car
297 528 384 558 car
320 489 387 528 car
410 384 460 432 car
144 576 240 624 car
59 576 144 608 car
205 480 288 529 car
437 288 493 316 car
432 261 480 293 car
293 222 336 251 car
336 201 345 240 car
503 218 528 249 car
576 216 595 251 car
597 240 627 268 car
624 289 647 341 car
624 339 652 387 car
633 408 673 456 car
288 700 339 791 car
506 159 529 193 car
510 144 531 159 car
576 147 587 192 car
552 120 577 144 car
547 96 576 109 car
504 103 529 144 car
384 1008 453 1073 car
61 1027 144 1079 car
