26
384 960 441 1057 car
288 696 343 789 car
672 600 700 720 car
721 816 821 864 car
1075 792 1173 865 car
1488 672 1584 720 car
624 401 672 456 car
624 336 648 384 car
624 288 645 336 car
593 240 625 268 car
576 213 593 253 car
554 145 583 192 car
551 109 577 144 car
501 151 528 192 car
499 203 528 240 car
293 216 336 247 car
336 192 339 216 car
433 288 489 309 car
435 249 481 288 car
295 528 384 545 car
309 487 384 528 car
403 384 449 432 car
213 480 288 528 car
144 576 240 624 car
76 554 144 604 car
516 99 531 132 car
