25
1105 779 1205 864 car
1470 672 1587 725 car
744 816 864 864 car
656 624 704 721 car
635 399 673 464 car
624 336 647 391 car
624 291 641 336 car
604 245 624 270 car
576 222 595 268 car
558 155 576 176 car
558 122 576 145 car
503 149 529 192 car
499 205 528 240 car
437 288 487 311 car
435 261 480 289 car
297 220 336 247 car
336 193 343 220 car
384 881 441 981 car
268 693 347 792 car
144 558 240 624 car
69 576 144 600 car
295 528 366 549 car
311 491 384 528 car
203 480 288 528 car
412 384 455 432 car
