29
240 729 312 825 car
608 602 672 708 car
658 785 754 854 car
1008 816 1104 877 car
1440 662 1536 721 car
589 410 631 480 car
576 351 612 393 car
564 305 600 345 car
554 241 585 288 car
516 209 552 257 car
512 153 533 192 car
512 120 539 155 car
504 82 528 109 car
455 71 483 99 car
464 97 480 117 car
462 115 483 144 car
458 145 480 170 car
456 174 491 213 car
453 228 481 263 car
395 295 441 336 car
397 278 441 303 car
370 403 410 445 car
245 240 274 264 car
268 213 291 240 car
157 504 243 556 car
253 537 336 577 car
272 514 349 543 car
78 599 172 647 car
13 587 96 658 car
