25
385 948 449 1059 car
288 704 355 796 car
144 576 240 624 car
74 576 144 612 car
216 485 288 529 car
305 528 384 558 car
324 493 387 528 car
416 384 468 432 car
435 288 487 322 car
443 263 483 289 car
299 218 336 249 car
336 199 347 218 car
512 213 535 243 car
508 165 535 192 car
576 159 587 180 car
562 115 585 145 car
576 216 600 259 car
600 240 633 276 car
624 289 645 339 car
624 339 658 391 car
633 401 675 468 car
654 602 720 720 car
727 816 827 864 car
1088 816 1178 864 car
1488 672 1591 733 car
