25
1463 652 1585 720 car
1152 769 1248 864 car
781 816 912 871 car
384 783 449 877 car
643 624 720 727 car
48 1008 120 1061 car
288 689 349 787 car
145 549 240 624 car
72 537 147 583 car
293 499 384 549 car
311 480 393 528 car
193 458 288 528 car
407 384 460 432 car
432 257 489 314 car
433 240 480 268 car
288 205 343 247 car
501 144 529 192 car
508 192 533 211 car
591 240 637 288 car
576 240 624 288 car
604 288 647 336 car
624 336 652 384 car
624 397 677 480 car
556 144 583 192 car
552 111 583 151 car
