30
624 783 720 864 car
967 816 1059 887 car
1413 652 1511 712 car
1656 648 1703 693 car
205 748 268 848 car
595 608 648 721 car
556 418 602 472 car
545 353 579 410 car
529 307 576 353 car
528 247 560 295 car
489 215 518 263 car
480 157 504 192 car
472 122 493 151 car
466 96 487 117 car
432 78 451 96 car
422 101 443 122 car
432 122 447 159 car
414 165 449 192 car
432 192 458 220 car
414 230 453 278 car
349 309 407 339 car
355 288 391 307 car
228 220 255 240 car
205 241 243 272 car
336 414 384 458 car
216 551 301 595 car
226 529 312 562 car
120 516 193 576 car
49 610 147 660 car
0 593 49 664 car
