29
981 816 1084 890 car
1440 647 1524 721 car
647 787 746 865 car
612 608 672 720 car
576 412 624 480 car
576 351 606 405 car
558 303 587 345 car
547 241 577 288 car
514 215 543 251 car
503 155 535 192 car
501 122 528 149 car
491 96 512 113 car
449 72 480 97 car
449 96 470 117 car
445 117 480 144 car
445 159 470 180 car
447 182 480 215 car
445 240 480 268 car
374 303 432 337 car
384 288 432 303 car
240 240 266 268 car
255 216 288 240 car
351 407 399 453 car
145 501 222 556 car
241 533 316 576 car
257 514 336 547 car
82 597 178 650 car
7 591 80 645 car
226 725 289 833 car
