29
1585 624 1683 679 car
1363 639 1468 698 car
912 821 1009 888 car
576 783 677 864 car
545 624 612 721 car
508 432 576 487 car
493 359 537 410 car
491 312 529 351 car
480 247 504 289 car
435 222 468 253 car
432 155 455 192 car
418 122 443 153 car
410 96 439 117 car
368 76 385 97 car
366 103 393 122 car
364 128 397 165 car
368 165 399 192 car
364 178 399 228 car
384 243 399 288 car
305 307 359 341 car
303 288 337 311 car
149 241 192 288 car
167 215 193 253 car
63 533 132 587 car
288 410 336 462 car
167 562 245 604 car
192 537 259 576 car
0 624 96 673 car
153 768 240 864 car
