31
384 979 445 1057 car
720 792 816 864 car
1063 816 1171 865 car
1488 672 1584 721 car
672 595 720 700 car
72 576 144 624 car
144 576 218 624 car
299 528 384 551 car
305 489 391 528 car
209 480 288 528 car
625 395 675 480 car
401 384 455 432 car
443 288 493 311 car
437 255 480 288 car
293 216 336 251 car
336 192 339 216 car
499 209 528 241 car
504 157 528 197 car
503 144 528 161 car
506 99 528 144 car
508 76 529 97 car
506 53 529 96 car
552 72 576 101 car
552 115 579 144 car
576 144 583 192 car
576 211 589 245 car
599 240 629 266 car
624 289 643 336 car
624 336 650 387 car
288 698 347 789 car
69 1023 144 1071 car
