33
743 816 864 864 car
384 864 432 960 car
263 685 336 775 car
144 576 240 624 car
57 549 144 593 car
197 480 288 528 car
288 528 384 539 car
305 480 384 528 car
397 384 445 432 car
288 211 336 245 car
303 192 336 205 car
499 48 528 96 car
497 69 528 96 car
499 96 528 115 car
493 144 528 144 car
489 149 528 192 car
491 192 528 240 car
435 192 480 192 car
437 193 480 207 car
437 205 480 240 car
433 240 480 240 car
432 243 480 259 car
432 288 480 305 car
576 240 595 253 car
551 144 576 192 car
545 107 576 144 car
547 96 576 101 car
599 288 631 336 car
599 336 641 384 car
624 395 672 480 car
672 624 691 720 car
1104 777 1200 864 car
1488 672 1584 720 car
