28
384 960 445 1063 car
720 787 821 864 car
1075 796 1176 864 car
1488 672 1584 725 car
647 599 720 720 car
625 401 672 458 car
624 336 652 384 car
624 288 639 336 car
576 215 595 247 car
600 240 624 268 car
288 695 347 789 car
144 576 240 624 car
71 576 122 624 car
289 528 384 549 car
312 485 387 528 car
207 480 288 528 car
408 384 449 432 car
435 288 493 314 car
445 255 485 288 car
295 213 336 249 car
316 193 337 213 car
497 205 531 240 car
503 153 531 197 car
501 144 533 151 car
576 145 585 192 car
554 111 576 144 car
552 96 576 99 car
508 97 533 144 car
