29
384 71 395 96 car
384 97 397 117 car
384 126 393 155 car
384 167 405 192 car
384 192 403 220 car
368 245 408 288 car
289 408 336 458 car
293 303 359 345 car
299 288 355 309 car
147 247 192 288 car
165 240 205 243 car
192 529 261 576 car
192 549 257 600 car
71 528 151 576 car
0 624 97 672 car
163 750 240 864 car
576 777 675 864 car
912 819 1021 881 car
1370 633 1468 693 car
1585 624 1681 673 car
554 604 624 720 car
528 432 576 480 car
495 357 545 412 car
443 218 464 249 car
491 307 529 359 car
480 240 510 289 car
432 159 456 192 car
432 119 449 159 car
416 96 447 120 car
