25
385 921 441 1034 car
735 816 837 864 car
1092 806 1200 871 car
1489 685 1584 739 car
662 616 708 723 car
311 528 376 562 car
322 501 395 528 car
218 487 288 529 car
149 577 240 625 car
76 576 147 610 car
414 384 458 432 car
437 289 489 324 car
443 270 485 289 car
305 226 337 257 car
326 205 355 226 car
508 209 537 243 car
514 163 533 195 car
564 128 587 145 car
568 157 589 182 car
577 220 600 264 car
606 240 629 288 car
610 295 648 351 car
624 343 656 397 car
635 407 677 466 car
291 702 362 798 car
