25
48 1008 107 1056 car
384 775 435 869 car
288 672 339 768 car
144 545 240 591 car
48 533 144 583 car
192 480 288 528 car
288 485 384 529 car
297 480 384 528 car
635 624 720 720 car
779 816 912 864 car
1121 768 1248 864 car
1488 639 1584 720 car
624 391 672 443 car
401 384 445 401 car
624 336 672 384 car
576 240 583 288 car
591 211 624 288 car
593 288 633 336 car
432 249 480 299 car
293 192 336 240 car
499 192 528 207 car
491 144 528 161 car
547 144 585 192 car
541 101 576 144 car
432 240 491 288 car
