25
771 816 912 864 car
1107 768 1248 864 car
1488 625 1584 720 car
384 768 432 864 car
241 672 336 768 car
624 624 720 720 car
288 432 384 528 car
288 480 384 528 car
144 528 240 577 car
48 528 144 576 car
48 1008 99 1056 car
384 336 480 387 car
192 435 288 528 car
432 240 480 289 car
288 192 336 240 car
576 197 577 288 car
480 192 528 195 car
576 144 576 192 car
480 144 528 145 car
531 96 576 144 car
576 195 624 245 car
624 288 672 336 car
624 336 672 384 car
624 384 672 480 car
672 727 720 816 car
