30
1632 635 1697 689 car
1397 641 1507 710 car
940 816 1056 881 car
604 781 720 873 car
579 606 643 720 car
182 750 261 854 car
207 549 293 589 car
216 528 299 558 car
97 512 180 576 car
26 612 124 677 car
0 606 38 658 car
318 397 374 462 car
549 418 593 483 car
533 357 576 407 car
528 305 560 355 car
506 245 545 295 car
480 213 495 257 car
458 119 493 165 car
455 96 481 119 car
464 161 489 192 car
341 301 397 339 car
345 288 384 311 car
193 243 230 288 car
209 218 240 249 car
405 240 437 288 car
408 192 433 218 car
405 167 432 192 car
407 124 432 147 car
403 103 437 120 car
403 76 432 97 car
