27
777 821 890 885 car
384 837 464 940 car
288 708 364 810 car
145 566 241 629 car
84 560 151 612 car
69 1017 138 1073 car
662 629 735 731 car
1132 796 1236 867 car
1493 664 1597 748 car
645 412 693 485 car
336 495 401 528 car
307 516 395 558 car
209 480 293 537 car
420 387 464 432 car
443 280 503 326 car
449 253 487 288 car
307 218 351 257 car
570 240 616 282 car
606 241 635 280 car
624 289 662 341 car
614 339 673 403 car
562 161 606 199 car
516 153 549 186 car
501 197 547 245 car
520 96 539 134 car
566 97 591 126 car
576 130 597 157 car
