25
744 796 840 864 car
1104 789 1200 864 car
1488 672 1584 723 car
672 606 720 720 car
635 393 675 480 car
624 336 647 384 car
624 288 639 339 car
599 240 624 268 car
576 240 591 255 car
558 145 583 192 car
554 117 581 144 car
508 147 529 192 car
506 203 528 240 car
435 255 480 288 car
432 288 483 314 car
301 528 384 549 car
336 489 385 528 car
408 384 447 432 car
207 480 288 528 car
144 576 240 624 car
71 576 144 595 car
270 698 336 783 car
384 890 441 1008 car
301 215 336 251 car
314 195 339 218 car
