29
1614 624 1699 683 car
1392 641 1493 704 car
938 821 1038 875 car
595 789 702 865 car
576 604 633 720 car
528 420 585 483 car
528 355 554 407 car
510 314 545 351 car
491 249 528 289 car
451 215 491 261 car
451 157 480 192 car
447 126 480 155 car
435 96 460 115 car
389 241 432 288 car
391 192 432 216 car
384 161 414 192 car
393 128 414 151 car
389 109 414 128 car
391 76 410 103 car
324 303 387 349 car
336 288 372 312 car
176 251 207 288 car
192 216 228 240 car
192 576 268 593 car
216 528 288 576 car
96 528 155 576 car
11 624 117 681 car
168 748 240 848 car
305 412 357 460 car
