29
266 704 336 817 car
1464 673 1566 720 car
1056 816 1152 892 car
702 800 800 864 car
641 600 720 720 car
624 414 672 480 car
612 345 639 393 car
595 293 635 343 car
587 240 624 278 car
551 215 579 259 car
551 144 576 192 car
543 113 564 151 car
531 86 556 111 car
491 222 512 255 car
499 172 516 203 car
495 147 516 168 car
501 72 518 96 car
504 96 516 117 car
497 109 514 134 car
288 528 357 558 car
311 499 374 537 car
197 495 259 545 car
122 577 216 631 car
51 566 122 627 car
422 293 480 322 car
422 270 460 293 car
399 391 445 435 car
288 230 316 264 car
309 209 330 228 car
