29
263 685 343 792 car
702 791 816 864 car
1063 816 1167 877 car
1488 672 1584 725 car
299 512 384 556 car
320 489 393 528 car
144 560 240 624 car
69 576 144 624 car
652 600 720 720 car
629 403 681 480 car
624 336 652 391 car
624 295 648 336 car
597 240 625 270 car
576 213 597 255 car
576 144 587 192 car
560 113 583 145 car
552 96 577 107 car
503 205 529 251 car
506 163 535 192 car
503 144 528 157 car
512 96 529 144 car
299 216 336 251 car
336 195 345 216 car
407 385 464 432 car
439 288 485 318 car
433 257 480 288 car
213 483 289 535 car
48 1017 151 1073 car
384 1008 455 1079 car
