25
391 952 451 1061 car
1105 808 1194 873 car
1488 673 1584 735 car
741 808 842 865 car
664 614 720 720 car
278 712 362 800 car
145 577 240 624 car
82 570 144 624 car
218 487 288 535 car
312 528 384 564 car
330 504 403 528 car
420 391 470 433 car
303 222 339 255 car
330 209 353 232 car
447 293 499 326 car
447 268 483 293 car
508 226 539 247 car
518 167 535 203 car
576 161 591 192 car
566 128 587 159 car
576 226 610 264 car
610 247 635 288 car
614 303 654 343 car
624 341 660 395 car
637 412 681 472 car
