25
631 624 720 720 car
769 816 912 864 car
1115 768 1248 829 car
1488 672 1584 720 car
48 1008 113 1056 car
384 781 443 877 car
255 672 349 769 car
295 480 391 528 car
288 489 384 545 car
144 533 240 624 car
53 528 144 587 car
192 480 288 528 car
401 384 443 432 car
624 389 672 451 car
624 336 641 384 car
624 288 633 336 car
576 240 589 253 car
587 240 624 288 car
432 255 483 305 car
432 240 480 288 car
289 197 336 240 car
576 144 577 192 car
547 103 576 144 car
497 144 529 192 car
499 192 529 213 car
