31
278 704 349 808 car
138 587 230 631 car
69 583 134 624 car
301 529 376 576 car
326 504 387 535 car
203 497 276 541 car
412 384 455 441 car
432 291 485 328 car
435 270 474 293 car
293 234 339 261 car
307 205 349 240 car
501 218 531 255 car
508 178 528 211 car
510 157 528 174 car
512 122 533 144 car
510 96 531 115 car
501 65 528 86 car
549 82 577 115 car
562 122 581 153 car
554 153 583 192 car
566 224 597 259 car
602 245 627 280 car
608 299 643 339 car
612 347 654 393 car
631 408 673 474 car
656 597 720 714 car
704 791 802 864 car
1056 819 1152 877 car
1488 683 1574 731 car
40 1034 124 1080 car
366 1027 447 1079 car
