25
384 871 433 979 car
263 687 343 789 car
741 796 864 864 car
1104 775 1209 864 car
1488 672 1585 723 car
65 576 144 602 car
144 576 240 624 car
201 480 288 528 car
295 528 364 547 car
314 487 387 528 car
403 384 447 432 car
652 602 720 720 car
624 401 672 480 car
624 336 641 384 car
624 288 645 336 car
556 215 591 263 car
595 240 624 268 car
432 288 481 307 car
433 259 480 288 car
487 193 529 240 car
503 145 528 192 car
288 218 336 247 car
336 192 347 215 car
560 153 583 192 car
556 124 581 145 car
