29
1426 656 1522 720 car
988 816 1084 887 car
639 785 746 864 car
602 604 658 720 car
576 407 624 480 car
556 349 593 403 car
541 299 583 349 car
493 211 528 255 car
533 240 576 274 car
493 151 528 192 car
485 115 504 144 car
439 71 464 96 car
441 178 464 211 car
480 96 504 109 car
441 155 456 172 car
437 120 456 144 car
441 97 464 119 car
347 393 389 449 car
370 303 432 336 car
362 272 412 293 car
222 240 266 268 car
240 213 266 240 car
240 545 305 581 car
247 528 336 551 car
130 506 211 560 car
65 599 153 648 car
0 591 57 647 car
215 729 289 827 car
432 240 466 264 car
