25
384 913 435 1027 car
735 796 835 864 car
1104 816 1200 865 car
1488 672 1560 720 car
654 624 702 720 car
270 700 347 794 car
144 576 240 624 car
69 576 144 604 car
207 481 288 528 car
295 510 384 556 car
305 487 384 528 car
408 384 453 432 car
295 222 336 249 car
336 193 347 218 car
435 288 480 314 car
439 261 480 288 car
501 207 528 240 car
504 149 531 192 car
576 215 595 249 car
576 144 577 192 car
558 120 577 144 car
600 240 624 263 car
624 336 648 384 car
624 291 641 336 car
627 407 672 455 car
