30
629 794 735 865 car
965 816 1077 875 car
1422 656 1520 720 car
1660 635 1701 698 car
589 614 662 704 car
211 737 288 840 car
57 610 157 672 car
0 602 65 656 car
122 501 211 581 car
224 549 301 597 car
243 516 322 558 car
324 403 391 453 car
359 303 412 343 car
360 288 410 311 car
432 247 462 268 car
213 241 253 278 car
230 215 259 241 car
432 182 456 220 car
422 163 451 176 car
432 128 456 153 car
432 101 455 120 car
432 71 455 96 car
480 96 497 115 car
480 124 503 153 car
480 161 512 195 car
495 220 528 263 car
529 247 558 288 car
541 311 579 351 car
549 355 587 407 car
554 418 612 480 car
