26
720 781 816 864 car
1056 816 1152 873 car
1466 672 1584 720 car
645 597 720 696 car
624 391 673 451 car
600 336 672 384 car
600 288 633 336 car
576 205 595 241 car
551 145 583 192 car
547 115 576 144 car
545 74 576 111 car
497 101 528 124 car
497 144 528 153 car
501 155 528 192 car
493 211 528 253 car
432 288 481 316 car
432 257 480 288 car
301 506 384 576 car
336 480 384 528 car
197 480 288 531 car
144 576 240 624 car
63 554 144 624 car
288 695 336 787 car
405 384 447 432 car
370 1011 453 1080 car
65 1023 149 1079 car
