29
288 539 357 566 car
316 514 376 545 car
263 721 339 810 car
395 397 451 439 car
197 497 278 549 car
120 585 226 647 car
59 576 126 633 car
648 606 702 720 car
691 789 792 864 car
625 412 672 470 car
602 355 647 401 car
595 303 629 347 car
589 247 616 288 car
554 218 579 259 car
545 149 576 192 car
541 130 566 149 car
535 96 570 128 car
495 76 516 101 car
495 96 518 113 car
495 115 520 144 car
493 155 512 176 car
495 176 522 215 car
485 224 520 264 car
418 293 480 336 car
420 276 466 301 car
288 234 318 264 car
309 209 336 240 car
1040 831 1121 881 car
1470 672 1560 729 car
