30
624 791 720 865 car
960 827 1057 892 car
1407 648 1511 720 car
1637 629 1701 696 car
583 616 643 720 car
201 739 266 840 car
209 554 293 595 car
222 528 301 568 car
36 612 134 673 car
0 604 40 652 car
111 514 192 581 car
336 410 374 458 car
345 309 393 345 car
345 288 389 309 car
418 240 443 274 car
197 251 240 278 car
220 218 247 241 car
416 184 445 228 car
414 165 441 180 car
416 120 445 155 car
414 99 437 124 car
412 76 433 103 car
458 86 485 115 car
466 119 495 155 car
470 155 503 192 car
485 216 504 257 car
528 249 547 288 car
528 309 560 351 car
531 351 585 403 car
552 418 591 480 car
