29
1545 624 1680 672 car
1344 627 1440 681 car
869 816 969 873 car
535 775 627 864 car
107 768 192 864 car
119 576 193 624 car
144 531 213 576 car
7 528 96 581 car
0 627 48 679 car
240 407 288 480 car
528 624 576 720 car
480 432 528 480 car
451 349 495 405 car
433 307 480 349 car
432 245 480 288 car
385 207 432 243 car
384 145 405 192 car
384 107 397 144 car
384 96 385 99 car
336 69 341 96 car
336 96 345 119 car
336 144 347 153 car
336 165 339 192 car
288 147 303 192 car
117 240 144 243 car
96 240 144 288 car
253 303 297 345 car
261 288 301 307 car
336 245 384 288 car
