29
176 754 240 864 car
562 602 625 720 car
593 785 679 864 car
929 821 1031 894 car
1378 652 1488 698 car
1603 625 1693 685 car
192 558 276 599 car
209 541 268 576 car
9 625 99 691 car
86 528 163 577 car
297 408 351 468 car
320 303 370 339 car
326 288 360 307 car
384 249 410 288 car
384 199 418 230 car
384 163 420 193 car
387 124 408 153 car
387 103 407 132 car
387 82 407 105 car
167 247 203 288 car
192 222 213 249 car
432 86 451 115 car
433 122 460 151 car
441 165 470 195 car
447 218 485 255 car
491 257 528 291 car
504 316 541 357 car
506 355 552 410 car
528 420 576 481 car
