25
1104 816 1180 864 car
1491 672 1584 723 car
384 923 437 1032 car
672 608 704 720 car
729 816 829 864 car
272 698 347 792 car
307 528 384 554 car
318 499 391 528 car
209 487 288 528 car
412 387 458 432 car
144 576 224 624 car
69 576 145 608 car
624 341 648 384 car
643 416 672 462 car
624 297 645 336 car
602 240 633 272 car
576 216 604 257 car
564 149 595 192 car
558 124 579 151 car
514 161 533 192 car
504 209 529 240 car
305 218 336 253 car
322 197 345 240 car
443 288 489 326 car
453 268 483 288 car
