30
439 263 464 288 car
336 193 347 222 car
501 213 528 240 car
506 161 531 192 car
501 144 531 163 car
510 80 537 99 car
508 55 528 78 car
556 78 576 107 car
576 111 579 144 car
576 144 581 176 car
576 215 597 253 car
600 240 625 268 car
624 295 641 336 car
624 339 652 385 car
631 401 679 480 car
648 599 720 720 car
1069 816 1163 875 car
1488 672 1584 731 car
288 720 345 785 car
384 973 443 1061 car
74 558 144 599 car
307 528 384 552 car
320 491 389 528 car
216 480 288 528 car
412 384 453 432 car
145 577 240 610 car
437 288 495 322 car
514 105 539 144 car
307 222 336 261 car
720 796 816 864 car
