29
270 714 347 816 car
698 796 802 865 car
645 608 720 720 car
138 581 232 629 car
72 576 145 624 car
293 529 370 576 car
309 495 389 539 car
199 495 276 545 car
414 384 458 439 car
422 301 487 328 car
432 268 470 299 car
497 226 533 261 car
506 178 535 207 car
503 157 520 174 car
504 113 529 144 car
510 88 529 107 car
506 71 529 84 car
288 232 324 264 car
314 203 343 232 car
1056 817 1155 879 car
1480 673 1578 733 car
624 410 672 470 car
610 355 650 393 car
610 303 645 345 car
595 245 639 288 car
564 213 591 255 car
560 153 591 192 car
554 130 583 149 car
551 86 570 115 car
