29
126 768 220 869 car
562 791 650 864 car
896 827 1009 885 car
1355 633 1451 696 car
1568 612 1662 677 car
541 624 591 721 car
493 432 541 493 car
483 366 514 432 car
481 316 514 362 car
453 263 483 301 car
418 218 451 266 car
407 157 433 192 car
405 126 432 153 car
393 96 414 113 car
349 96 370 103 car
353 107 366 130 car
353 144 384 159 car
347 165 368 192 car
353 195 384 226 car
353 253 384 289 car
261 420 307 480 car
170 535 240 576 car
151 560 240 624 car
34 547 120 597 car
0 629 76 691 car
119 253 157 289 car
149 240 176 251 car
288 316 336 349 car
274 288 336 318 car
