31
407 775 449 864 car
48 1008 119 1069 car
278 679 357 792 car
322 480 397 516 car
307 501 393 556 car
144 558 247 604 car
65 547 144 608 car
420 384 470 432 car
207 480 291 528 car
648 633 729 744 car
816 816 925 877 car
1152 777 1249 850 car
1488 672 1591 723 car
633 414 681 468 car
624 336 656 387 car
614 288 656 336 car
577 240 610 288 car
606 240 637 288 car
566 159 593 192 car
562 124 595 155 car
556 96 583 119 car
516 53 543 76 car
510 78 551 101 car
510 97 543 122 car
518 122 541 144 car
508 144 543 174 car
514 192 541 216 car
441 288 499 318 car
441 253 491 288 car
301 216 341 243 car
320 193 355 216 car
