31
1476 672 1584 725 car
816 816 933 871 car
1152 771 1251 864 car
672 627 721 741 car
397 775 449 867 car
48 1008 128 1075 car
288 683 351 791 car
641 407 677 462 car
624 336 660 389 car
610 289 648 339 car
610 240 635 276 car
577 240 606 288 car
576 153 599 193 car
564 122 589 159 car
560 96 585 119 car
514 144 535 176 car
510 120 535 144 car
512 96 537 122 car
528 76 537 97 car
514 48 539 65 car
512 192 539 220 car
445 288 489 314 car
441 255 480 288 car
305 213 337 247 car
324 193 357 220 car
301 508 385 547 car
336 485 399 514 car
215 480 288 528 car
412 384 455 420 car
144 560 240 606 car
84 558 157 602 car
