30
312 408 368 462 car
201 552 276 595 car
228 533 291 564 car
97 528 172 576 car
17 624 119 679 car
0 610 23 672 car
192 735 263 864 car
602 789 706 864 car
576 610 650 723 car
543 432 585 493 car
528 357 566 416 car
514 305 549 347 car
503 243 533 299 car
462 216 493 257 car
451 161 481 195 car
443 120 480 161 car
439 86 480 113 car
399 243 435 288 car
336 305 397 339 car
336 288 384 311 car
178 251 216 288 car
201 215 240 243 car
399 182 437 240 car
399 159 420 192 car
403 115 432 155 car
407 97 432 130 car
395 65 422 96 car
935 816 1042 881 car
1395 648 1464 708 car
1632 625 1699 700 car
