29
144 768 218 865 car
562 785 647 864 car
890 817 990 883 car
1363 631 1440 696 car
1584 624 1681 677 car
545 624 589 720 car
499 414 543 483 car
480 353 528 408 car
480 314 512 349 car
456 251 487 288 car
432 218 447 251 car
414 153 435 192 car
405 122 439 161 car
395 96 418 119 car
353 67 370 101 car
355 97 384 124 car
343 120 384 153 car
353 170 384 192 car
355 193 391 240 car
351 247 385 288 car
266 418 320 480 car
168 537 247 576 car
151 562 240 604 car
48 528 124 587 car
124 245 167 288 car
144 222 176 247 car
0 624 96 687 car
288 311 336 341 car
288 288 336 311 car
